chr,index_var,pos,ref,alt,af,beta_int,p_int,p_joint,p_marg
1,rs56270766,90735200,G,GT,0.3963,0.11401,0,0,2.418e-6
2,NA,11069449,G,C,0.1179,0.16031,0,0,2.538e-6
2,NA,59549354,C,T,0.1144,0.18476,0,0,8.667e-6
3,NA,45411086,A,G,0.7264,0.097977,0,0,9.533e-6
3,rs12490575,45750717,C,T,0.1346,0.15113,0,0,6.539e-6
3,NA,46000921,A,T,0.6079,-0.12297,0,0,3.935e-10
3,rs13085359,46256037,A,T,0.08107,0.27775,0,0,6.622e-14
4,rs4859291,34974442,A,G,0.6129,0.1074,0,0,1.619e-6
4,rs1962495,114392159,G,T,0.6039,-0.11511,0,0,2.893e-6
5,rs12187567,6119143,G,C,0.1528,-0.14712,0,0,6.694e-6
5,rs66517037,171517234,C,T,0.1789,-0.12101,0,0,5.9120000000000005e-07
6,NA,31151165,T,C,0.3037,0.10137,0,0,7.741e-7
6,NA,41529297,C,A,0.1139,0.16651,0,0,3.091e-6
7,rs622568,54580201,A,C,0.133,0.15361,0,0,3.84e-9
7,rs2237698,107967457,C,T,0.105,0.14421,0,0,8.411e-6
7,rs2402808,126159308,A,G,0.4966,-0.115,0,0,2.126e-6
8,NA,142855638,G,A,0.438,-0.096742,0,0,8.95e-6
9,rs8176719,133257521,T,TC,0.3536,0.14791,0,0,1.24e-10
10,rs4310517,12625475,C,G,0.7325,-0.12362,0,0,2.591e-7
10,NA,127924481,G,A,0.09608,0.16738,0,0,9.126e-6
11,rs12802931,1214934,A,G,0.1869,-0.14155,0,0,5.844e-6
11,rs7948160,14240340,G,A,0.7702,-0.11896,0,0,6.771e-6
11,rs34960719,59243183,T,TG,0.6165,0.1054,0,0,6.288e-6
12,rs61909488,3438416,C,G,0.1311,0.16814,0,0,1.887e-6
12,NA,102620979,C,A,0.884,-0.15612,0,0,1.088e-6
12,rs2057778,112912991,G,T,0.6683,0.11264,0,0,1.641e-7
14,rs7142742,54494485,T,G,0.08747,-0.15056,0,0,9.872e-6
14,rs35894364,93943929,CA,C,0.1833,0.14971,0,0,5.135e-6
16,NA,10502692,A,G,0.7459,0.12981,0,0,7.818e-6
16,NA,17465522,G,A,0.2394,-0.12693,0,0,6.681e-6
16,rs429813,24220828,G,A,0.3088,-0.11991,0,0,7.675e-6
16,NA,89168540,C,A,0.1227,0.13193,0,0,8.005e-6
17,rs56328224,45495053,C,T,0.1944,-0.11188,0,0,4.44e-6
17,rs62054428,45745145,G,A,0.1931,-0.1134,0,0,2.012e-6
17,rs17573245,45995488,T,C,0.1927,-0.11805,0,0,8.753e-7
17,NA,46277183,C,G,0.1897,-0.16221,0,0,6.162e-6
17,rs1378358,46709946,C,T,0.1797,-0.11156,0,0,6.646e-6
17,NA,73569478,G,A,0.1788,0.11884,0,0,9.905e-6
18,rs72921480,53170326,T,G,0.07591,0.15019,0,0,8.987e-6
18,NA,64867429,G,A,0.573,0.11617,0,0,4.807e-6
19,NA,4717660,A,G,0.2995,0.13117,0,0,1.924e-7
19,rs11085727,10355447,C,T,0.2787,0.1273,0,0,2.272e-9
19,rs8102140,17512530,A,G,0.5356,-0.096241,0,0,2.25e-6
20,NA,6301051,A,G,0.4567,0.11132,0,0,1.516e-6
21,NA,33217506,A,G,0.3048,0.13774,0,0,3.589e-8
21,rs74609750,33896073,C,A,0.08259,0.15512,0,0,7.013e-6
21,rs9983330,41478326,A,G,0.2484,-0.10603,0,0,6.458e-6
